eval_accuracy = 0.9881423
eval_loss = 0.07841291
global_step = 12000
loss = 0.07841291
