eval_accuracy = 0.5
eval_loss = 3.444354
global_step = 4000
loss = 3.2291265
